Praefatio. V

111139ε11111331333111133,,11) 9133111311111.183,1010,·13)1131111
111. 168, 7)

1 uel 111 1113111311311111 superfluo 3011111111 13313313 311133131113·’
11333 (p. 162, 13, 174, 3)

1113131111 3113311113 11311331 (p 138, 101

3 proo: 33333113 111. 7, 6), 191111333131 (p 10, 5), 133313
111. 14, 11), 33313331313 111 16, 2), 3313 111. 114, 6),
13133333 111. 114, 4), 93333333 (p. 40, 7), 9131133311
111. 168, 5111131313 13.111 03, 4)

3113333111113113111118,9),11111933131·111.175,17)

113111111311111111·331131111). 120, 5) ,

1111131.· 1133313111 (p. 18, 13), 331111111131113111. 24, 0), 333311-
3113 111. 193, 3)

3 pro 3.· 13313113 111. 10, 6), opuscola (p. 10, 9), 333331131331
111. 17, 611133133131111. 117, 15), 1133313111 111, 194, 15)

31113 uuo: saecularia 111. 10, 2), 33313 (p. 15, 10)

3 31 3 promiscuo adhibuit: epistota (p. 111, 3) 31 epistula
111. 114, 2)

9111333.·111391313111111 97, 1. 3)

11113 u: 311131313.111 23,11,) 11313111 111. 198, 13), 11311131·
111. 177, 16), 113111333 111. 166, 7)

311131.·133113133111. 113, 5131111331313 (p. 114, 2), 131113

111.114,7),1313131.11 116, 61

31113 9.· 33331331111331313 111. 33, 12 31. p. 34, 1), 11331113
(e 201, 21

31113 a: pulcritudiuis (p. 15, 2)

3111113 3.· achademicis (p. 11, 3)

31113 oco: 331313 111. 25, 3), 3113311197, 3133113131313111. 169, 18),
33133113 111. 179, 9)

d pro 1.· 1393111 111. 8, 17), adque (p. 9, 8), 1131313311). 26, 2),
1131113331111. 115, 3)

d 31111111ε1331933311331 111. 197, 14. 198, 17. 201, 1)
111131313113331331111 90,15.1020),133131313111.141,1),
porfyrio (p. 1687 ,8)
pro p: ficto 11331111 201, 11)
9111·31.113931··313111.16,13),139331111161, 12)

 

